Tami Gabriely
CS350
HW4 log

* I've been having problems with my PDF creator, so I included jpeg files of the PDF pages in case they do not load (they appear blank to me but they might not actually be)

For simulator2.py:
- change the settings for l and ts at the top
- change from M/M/1/K to M/D/1/K in the death method by commenting out the wrong death time
- used to answer #2

#2:
a.
lambda: 50 ts: 0.02
q:
1.9974088575597535
Tq:
0.049960927439550495
std dev q:
0.5041811075360304
std dev tq:
0.008766508165109113
rejection probability:
0.20002747665963383

b.
lambda: 50 ts: 0.015
q:
1.4410984949048042
Tq:
0.03231459672451013
std dev q:
0.405365400310332
std dev tq:
0.006499451678415161
rejection probability:
0.1045994656781947

c.
lambda: 65 ts: 0.015
q:
1.9547934688419644
Tq:
0.03708679689976774
std dev q:
0.3941182717043956
std dev tq:
0.005911193849377221
rejection probability:
0.1903663697629886

d.
lambda: 50 ts: 0.015
q:
1.416378428431418
Tq:
0.03024461339056934
std dev q:
0.33516598924157415
std dev tq:
0.003775205598832403
rejection probability:
0.06452404099757986

e.
lambda: 65 ts: 0.015
q:
2.0079498020507183
Tq:
0.035763413803441606
std dev q:
0.3505971275090349
std dev tq:
0.0033153360244622485
rejection probability:
0.13657141776675702

simulator4.py: run the main method to get q,tq means and standard deviations, and rho
- used to answer #3 and #4


an example of the output:
(used for 3c)
q:
3.0257082858404005
w:
1.5562596220102882
Tq:
0.11398753358034355
std dev q:
2.1884235239643988
std dev w:
1.992943568742689
std dev tq:
0.11003570156588
rho:
0.734724331915057

3a.
Number of requests in the CPU queue (w) over a 100 seconds:
12
2
8
5
2
3
9
9
2
1
2
2
3
0
0
3
2
0
0
1
0
2
10
3
1
0
0
0
0
3
1
2
0
1
0
0
4
0
0
1
0
2
0
0
0
1
0
1
1
0
3
4
9
1
0
5
7
0
3
4
3
2
10
0
3
0
0
0
1
4
1
0
1
6
0
0
0
1
0
2
1
0
0
0
0
0
0
0
1
0
0
0
0
0
0
0
0
3
0
0
3
7
2
3

3b.
death times over 10 seconds (used to determine steady state):

1.742485736
1.813254586
1.823978686
1.851213149
1.861918921
1.886888652
1.895975382
1.899368583
1.942299582
1.942531714
1.984485004
2.020263872
2.021247802
2.056574333
2.097334315
2.115125293
2.129185659
2.176052253
2.219142197
2.255207707
2.287289087
2.333380611
2.368608401
2.369807929
2.386175714
2.498850843
2.521665388
2.537943643
2.616081347
2.678419648
2.700941173
2.714701443
2.744940781
2.756623694
2.7766389
2.80063623
2.811465257
2.832404294
2.88544066
2.908501825
2.930581135
2.933571603
2.961000988
2.985491208
2.999809189
3.021608343
3.049477115
3.104101963
3.146760662
3.183866923
3.187432055
3.19645251
3.222991925
3.255941832
3.265402243
3.274291039
3.299310699
3.299715126
3.324824641
3.334675786
3.346285686
3.379595365
3.380562889
3.418503268
3.447721347
3.478250524
3.492988699
3.529951779
3.546777429
3.575564121
3.624046376
3.638685261
3.660822716
3.666486898
3.68038235
3.709282064
3.774900715
3.776237765
3.80248674
3.812024772
3.831106978
3.855304622
3.863424228
3.885714768
3.914521116
3.928329387
3.967298001
3.994648661
4.011226143
4.025479939
4.037700884
4.071013959
4.120422192
4.121990215
4.148198712
4.180139349
4.202840516
4.217135169
4.244887818
4.259639918
4.336724415
4.350850715
4.366049755
4.371878007
4.423993565
4.447663756
4.472736981
4.523357881
4.548640996
4.558794701
4.607163266
4.636939817
4.657297141
4.682156661
4.706590264
4.724693737
4.763184795
4.763699076
4.770711344
4.783089206
4.816735784
4.831698108
4.85518093
4.869275312
4.872173031
4.912215549
4.937025419
4.939522044
4.985208901
5.05091759
5.097632819
5.108677464
5.159578283
5.177277297
5.215519345
5.264570948
5.279551911
5.310880348
5.32411019
5.338537147
5.361096943
5.396416693
5.406722803
5.409183172
5.415297798
5.449874834
5.464833054
5.477831306
5.49902589
5.510644377
5.544732533
5.557610711
5.573641803
5.585795036
5.607846458
5.618004893
5.644058258
5.647260849
5.649256823
5.67189048
5.741270081
5.757487833
5.780426032
5.805188632
5.88606054
5.939077488
5.946411402
5.977637403
6.009574773
6.086906477
6.118048492
6.13768697
6.158854055
6.206221523
6.215931968
6.238840812
6.241932455
6.267195142
6.268515689
6.292201522
6.306897227
6.326873433
6.353776066
6.39516024
6.395811028
6.412264653
6.423337924
6.433818972
6.484977337
6.528727373
6.540323901
6.621387854
6.638333757
6.674292933
6.682825231
6.688837605
6.745130944
6.766930442
6.840224422
6.850189306
6.856886982
6.88178082
6.890676314
6.900562795
6.934853842
6.95735804
6.960899807
6.976272704
6.976804407
6.984801783
6.993332505
7.028756456
7.057879019
7.081609875
7.1743621
7.183943905
7.187655606
7.229353146
7.235627387
7.25003144
7.274353284
7.37200897
7.407150398
7.43987635
7.442945534
7.452054171
7.476508056
7.487211891
7.527775812
7.539255608
7.547519879
7.561884051
7.609501639
7.630287087
7.66481789
7.670287294
7.710432556
7.747937802
7.755193095
7.765555378
7.787942815
7.806286968
7.815074221
7.821903603
7.833458231
7.844640459
7.851772299
7.879007529
7.882709974
7.884797977
7.885254413
7.918054517
7.977245399
8.011586267
8.015798296
8.026650115
8.028591622
8.061242197
8.130497659
8.145358799
8.233216454
8.244697365
8.246106989
8.263041988
8.274935886
8.294147781
8.296586254
8.352896573
8.359479297
8.379112155
8.386224203
8.421892365
8.445518304
8.449719765
8.466884043
8.481748043
8.502578781
8.504824621
8.509578591
8.562055158
8.606525371
8.611369982
8.632299608
8.653969072
8.686190916
8.711966044
8.787928064
8.804310591
8.820921903
8.842823513
8.85134676
8.862052784
8.875086569
8.900638206
8.903310194
8.906525018
8.960398462
8.982731456
8.99363789
9.007014488
9.035908751
9.046912503
9.068842026
9.068873062
9.106025255
9.10811187
9.113144896
9.155808074
9.162592599
9.181221418
9.238340286
9.242366118
9.250049436
9.261841723
9.286586319
9.31021225
9.317781488
9.356743144
9.388695748
9.415003568
9.441524454
9.451134999
9.463325743
9.464151287
9.470729506
9.470978294
9.50971121
9.526737525
9.527712307
9.559328416
9.587351179
9.589984066
9.672236009
9.693207845
9.738130399
9.770688682
9.8224004
9.919740979
9.943976392
9.967724866
9.988666699
9.999150597

